BallotID, 27
15, 49
16, 64
17, 19
18, 20
19, 21
20, 22
21, 23
22, 24
23, 25
24, 26
25, 27
26, 59
27, 29
28, 51
